   0.00000000       0.00000000       0.00000000       0.00000000       0.00000000       0.00000000       0.00000000       0.00000000       1.00000000       1.00000000       1.00000000       1.00000000       0.00000000       0.00000000       0.00000000       0.00000000       0.00000000       0.00000000       0.00000000       0.00000000    
   0.00000000       0.00000000       0.00000000       0.00000000       0.00000000       0.00000000       0.00000000       3.60999984E-04  0.999639034       1.00000000       1.00000000      0.999639034       3.60999984E-04   0.00000000       0.00000000       0.00000000       0.00000000       0.00000000       0.00000000       0.00000000    
   0.00000000       0.00000000       0.00000000       0.00000000       0.00000000       0.00000000       1.30320984E-07   7.21609045E-04  0.999278426      0.999999881      0.999999881      0.999278426       7.21609045E-04   1.30320984E-07   0.00000000       0.00000000       0.00000000       0.00000000       0.00000000       0.00000000    
   0.00000000       0.00000000       0.00000000       0.00000000       0.00000000       4.70458741E-11   3.90727735E-07   1.08182756E-03  0.998918235      0.999999642      0.999999642      0.998918235       1.08182756E-03   3.90727735E-07   4.70458741E-11   0.00000000       0.00000000       0.00000000       0.00000000       0.00000000    
   0.00000000       0.00000000       0.00000000       0.00000000       1.69835595E-14   1.88064619E-10   7.80985374E-07   1.44165615E-03  0.998558462      0.999999285      0.999999285      0.998558462       1.44165615E-03   7.80985374E-07   1.88064619E-10   1.69835595E-14   0.00000000       0.00000000       0.00000000       0.00000000    
   0.00000000       0.00000000       0.00000000       6.13106477E-18   8.48626182E-14   4.69864536E-10   1.30085937E-06   1.80109509E-03  0.998199046      0.999998808      0.999998808      0.998199046       1.80109509E-03   1.30085948E-06   4.69864536E-10   8.48626182E-14   6.13106477E-18   0.00000000       0.00000000       0.00000000    
   0.00000000       0.00000000       2.21331419E-21   3.67620439E-17   2.54422433E-13   9.39135547E-10   1.95011557E-06   2.16014497E-03  0.997840047      0.999998212      0.999998212      0.997840047       2.16014497E-03   1.95011580E-06   9.39135547E-10   2.54422433E-13   3.67620439E-17   2.21331419E-21   0.00000000       0.00000000    
   0.00000000       7.99006396E-25   1.54828145E-20   1.28581997E-16   5.93266647E-13   1.64244929E-09   2.72852026E-06   2.51880637E-03  0.997481406      0.999997437      0.999997437      0.997481406       2.51880637E-03   2.72852049E-06   1.64244940E-09   5.93266647E-13   1.28581997E-16   1.54828145E-20   7.99006396E-25   0.00000000    
   0.00000000       6.38772505E-24   6.18897374E-20   3.42658417E-16   1.18576253E-12   2.62625943E-09   3.63584013E-06   2.87707942E-03  0.997123182      0.999996543      0.999996543      0.997123182       2.87707942E-03   3.63584036E-06   2.62625965E-09   1.18576253E-12   3.42658417E-16   6.18897374E-20   6.38772505E-24   0.00000000    
   0.00000000       2.87253065E-23   1.85544728E-19   7.70471333E-16   2.13298606E-12   3.93690192E-09   4.67184145E-06   3.23496503E-03  0.996765316      0.999995530      0.999995530      0.996765316       3.23496503E-03   4.67184191E-06   3.93690236E-09   2.13298628E-12   7.70471280E-16   1.85544728E-19   2.87253065E-23   0.00000000    
   0.00000000       9.56862088E-23   4.63550878E-19   1.53992305E-15   3.55266771E-12   5.62059466E-09   5.83629208E-06   3.59246344E-03  0.996407866      0.999994397      0.999994397      0.996407866       3.59246344E-03   5.83629253E-06   5.62059554E-09   3.55266814E-12   1.53992316E-15   4.63550878E-19   9.56862088E-23   0.00000000    
   0.00000000       2.62958970E-22   1.01912849E-18   2.82132445E-15   5.57913785E-12   7.72343967E-09   7.12895962E-06   3.94957513E-03  0.996050835      0.999993145      0.999993145      0.996050835       3.94957513E-03   7.12895962E-06   7.72343967E-09   5.57913828E-12   2.82132466E-15   1.01912839E-18   2.62958970E-22   0.00000000    
   0.00000000       6.30674478E-22   2.03689090E-18   4.83335634E-15   8.36327188E-12   1.02914193E-08   8.54961218E-06   4.30630054E-03  0.995694160      0.999991775      0.999991775      0.995694160       4.30630054E-03   8.54961218E-06   1.02914193E-08   8.36327275E-12   4.83335677E-15   2.03689090E-18   6.30674427E-22   0.00000000    
   0.00000000       1.36553665E-21   3.78026214E-18   7.84900878E-15   1.20724368E-11   1.33704017E-08   1.00980178E-05   4.66264039E-03  0.995337844      0.999990225      0.999990225      0.995337844       4.66263993E-03   1.00980178E-05   1.33704008E-08   1.20724385E-11   7.84900963E-15   3.78026255E-18   1.36553665E-21   0.00000000    
   0.00000000       2.72922528E-21   6.61102515E-18   1.22014935E-14   1.68904387E-11   1.70061369E-08   1.17739446E-05   5.01859467E-03  0.994981885      0.999988556      0.999988556      0.994981885       5.01859421E-03   1.17739446E-05   1.70061352E-08   1.68904404E-11   1.22014944E-14   6.61102598E-18   2.72922548E-21   0.00000000    
   0.00000000       5.11383492E-21   1.10109916E-17   1.82901349E-14   2.30174629E-11   2.12442579E-08   1.35771625E-05   5.37416385E-03  0.994626343      0.999986768      0.999986768      0.994626343       5.37416339E-03   1.35771625E-05   2.12442561E-08   2.30174647E-11   1.82901366E-14   1.10109924E-17   5.11383532E-21   0.00000000    
   0.00000000       9.08511046E-21   1.76057816E-17   2.65862365E-14   3.06700290E-11   2.61302837E-08   1.55074413E-05   5.72934933E-03  0.994271159      0.999984801      0.999984801      0.994271159       5.72934886E-03   1.55074395E-05   2.61302819E-08   3.06700290E-11   2.65862399E-14   1.76057833E-17   9.08511127E-21   0.00000000    
   0.00000000       1.54342386E-20   2.71907056E-17   3.76389288E-14   4.00809282E-11   3.17096145E-08   1.75645491E-05   6.08415017E-03  0.993916333      0.999982715      0.999982715      0.993916333       6.08414970E-03   1.75645473E-05   3.17096109E-08   4.00809282E-11   3.76389322E-14   2.71907072E-17   1.54342403E-20   0.00000000    
   0.00000000       2.52389413E-20   4.07587324E-17   5.20809795E-14   5.14991730E-11   3.80275367E-08   1.97482568E-05   6.43856777E-03  0.993561924      0.999980509      0.999980509      0.993561924       6.43856730E-03   1.97482550E-05   3.80275331E-08   5.14991730E-11   5.20809829E-14   4.07587357E-17   2.52389413E-20   0.00000000    
   0.00000000       3.99346192E-20   5.95305476E-17   7.06345925E-14   6.51899507E-11   4.51292195E-08   2.20583370E-05   6.79260213E-03  0.993207872      0.999978185      0.999978185      0.993207872       6.79260166E-03   2.20583352E-05   4.51292159E-08   6.51899507E-11   7.06345925E-14   5.95305476E-17   3.99346224E-20   0.00000000    
